P1: 0.0394089
P2: 0.0985222
P3: 0.0985222
P4: 0.246305
P5: 0.28633
P6: 0.230911
